0.000000 0.000000 0.000000 0.000000 0.000000 0.000000 0.000000 1.000000
1.000000 0.000235 -0.007270 0.000981 -0.002258 0.000375 0.000462 0.999997
2.000000 0.000248 -0.015508 0.001761 -0.001294 0.000943 0.000692 0.999998
3.000000 -0.000452 -0.005460 0.001146 0.002408 0.000835 0.000072 0.999997
4.000000 0.000631 -0.003375 0.000969 0.001854 0.000527 -0.000378 0.999998
5.000000 0.001040 -0.009085 0.001575 0.000880 0.000482 -0.000723 0.999999
6.000000 0.000927 -0.008762 0.001758 0.002055 0.000405 -0.001044 0.999997
7.000000 0.001666 -0.005766 0.001855 0.002928 0.000127 -0.001340 0.999995
8.000000 0.001669 -0.005905 0.001346 0.002450 0.000342 -0.001519 0.999996
9.000000 0.002940 -0.007359 0.001404 0.002236 0.000346 -0.001400 0.999996
10.000000 0.002612 -0.007879 0.001653 0.002440 0.000687 -0.001602 0.999996
11.000000 0.002994 -0.007097 0.001169 0.002808 0.000783 -0.001850 0.999994
12.000000 0.003204 -0.005330 0.000633 0.002936 0.000775 -0.002323 0.999993
13.000000 0.003401 -0.004244 0.000433 0.002738 0.000749 -0.002753 0.999992
14.000000 0.003814 -0.003597 -0.000140 0.002449 0.000526 -0.002917 0.999993
15.000000 0.003800 -0.003874 -0.000461 0.002028 0.000416 -0.003014 0.999993
16.000000 0.003179 -0.003355 -0.001063 0.001766 0.000502 -0.002787 0.999994
17.000000 0.003521 -0.002474 -0.001364 0.001661 0.000555 -0.002542 0.999995
18.000000 0.004371 -0.002780 -0.001695 0.001216 0.000949 -0.001924 0.999997
19.000000 0.004258 -0.003166 -0.002199 0.000863 0.001659 -0.001847 0.999997
20.000000 0.003136 -0.002647 -0.002078 0.000596 0.002485 -0.001822 0.999995
21.000000 0.002156 -0.003123 -0.002437 -0.000052 0.003433 -0.001807 0.999992
22.000000 0.002443 -0.003477 -0.002288 -0.000393 0.004047 -0.001821 0.999990
23.000000 0.002907 -0.003916 -0.001980 -0.000574 0.004532 -0.001939 0.999988
24.000000 0.003953 -0.003986 -0.001665 -0.000476 0.004956 -0.001744 0.999986
25.000000 0.002942 -0.004186 -0.001882 -0.000453 0.005969 -0.001823 0.999980
26.000000 0.002454 -0.003741 -0.001788 -0.000302 0.007016 -0.001948 0.999973
27.000000 0.003833 -0.004564 -0.001653 -0.000353 0.007920 -0.002150 0.999966
28.000000 0.004154 -0.003828 -0.001592 -0.000147 0.009041 -0.002881 0.999955
29.000000 0.002251 -0.005164 -0.001412 -0.000147 0.010731 -0.003885 0.999935
30.000000 0.003766 -0.004748 -0.001181 0.000257 0.012117 -0.004750 0.999915
31.000000 0.003927 -0.004208 -0.000659 0.000316 0.014225 -0.006179 0.999880
32.000000 0.001532 -0.005178 0.000245 -0.000016 0.017287 -0.007363 0.999823
33.000000 -0.000544 -0.005242 0.001161 0.000116 0.020367 -0.008495 0.999756
34.000000 -0.002534 -0.004344 0.002138 0.000313 0.023973 -0.009909 0.999663
35.000000 -0.003641 -0.006101 0.003240 -0.000035 0.027323 -0.011398 0.999562
36.000000 -0.004299 -0.005635 0.003978 0.000285 0.030735 -0.013139 0.999441
37.000000 -0.007380 -0.007150 0.005992 0.000087 0.038378 -0.017049 0.999118
38.000000 -0.008218 -0.006368 0.007391 0.000322 0.042666 -0.018917 0.998910
39.000000 -0.010227 -0.006822 0.008228 0.000103 0.046806 -0.020406 0.998696
40.000000 -0.011257 -0.010798 0.009929 -0.000498 0.051047 -0.021929 0.998455
41.000000 -0.013299 -0.010200 0.011062 0.000529 0.055469 -0.023446 0.998185
42.000000 -0.014628 -0.007613 0.012171 0.001513 0.060373 -0.025356 0.997853
43.000000 -0.017562 -0.005870 0.013910 0.001817 0.065986 -0.027260 0.997446
44.000000 -0.019406 -0.008346 0.015466 0.001037 0.071085 -0.029377 0.997037
45.000000 0.008012 -0.007951 0.011625 0.001854 0.070279 -0.034050 0.996944
46.000000 0.068799 -0.010063 -0.000281 0.002682 0.062736 -0.034983 0.997413
47.000000 0.067662 -0.010716 0.000619 0.002449 0.067975 -0.036813 0.997005
48.000000 0.066059 -0.011295 0.001633 0.002526 0.073274 -0.038697 0.996558
49.000000 0.063922 -0.011479 0.002597 0.002633 0.078377 -0.040273 0.996106
50.000000 0.063101 -0.012284 0.003066 0.002527 0.083447 -0.041894 0.995628
51.000000 0.062672 -0.013017 0.003829 0.002545 0.088225 -0.043423 0.995150
52.000000 0.059692 -0.014904 0.004740 0.002445 0.093591 -0.044941 0.994593
53.000000 0.058948 -0.014581 0.005275 0.002877 0.098934 -0.046309 0.994012
54.000000 0.057983 -0.012389 0.005204 0.002799 0.103988 -0.047809 0.993425
55.000000 0.054958 -0.014411 0.005617 0.001565 0.109200 -0.049411 0.992790
56.000000 0.051147 -0.017115 0.007194 0.000949 0.114713 -0.051506 0.992062
57.000000 0.050033 -0.018381 0.007765 0.000735 0.119546 -0.053760 0.991372
58.000000 0.049843 -0.019362 0.008195 0.000346 0.124766 -0.056297 0.990588
59.000000 0.051432 -0.020206 0.008146 0.000327 0.129702 -0.058620 0.989819
60.000000 0.050325 -0.020038 0.009023 0.000718 0.134776 -0.061399 0.988972
61.000000 0.050468 -0.020293 0.008885 0.001019 0.139320 -0.064136 0.988168
62.000000 0.051593 -0.019898 0.008898 0.000886 0.144166 -0.066857 0.987292
63.000000 0.053819 -0.022319 0.008229 0.000382 0.148986 -0.069197 0.986415
64.000000 0.055243 -0.021649 0.007648 0.000722 0.153826 -0.071371 0.985517
65.000000 0.054977 -0.022774 0.006469 0.000755 0.158682 -0.073484 0.984591
66.000000 0.053809 -0.022643 0.005896 0.000954 0.164073 -0.075688 0.983540
67.000000 0.054252 -0.022856 0.004454 0.000906 0.169301 -0.078040 0.982469
68.000000 0.054506 -0.025138 0.003868 0.000560 0.174290 -0.080344 0.981411
69.000000 0.053425 -0.026337 0.004404 0.000739 0.179550 -0.083089 0.980233
70.000000 0.055205 -0.025540 0.003429 0.001456 0.183862 -0.085540 0.979222
71.000000 0.053762 -0.025817 0.003353 0.001449 0.188771 -0.088314 0.978041
72.000000 0.052863 -0.026225 0.003554 0.001689 0.193960 -0.090839 0.976793
73.000000 0.054883 -0.026794 0.002239 0.001663 0.198652 -0.093110 0.975636
74.000000 0.053793 -0.027146 0.002874 0.001283 0.204019 -0.095734 0.974274
75.000000 0.055801 -0.029548 0.001091 0.001066 0.208303 -0.097683 0.973174
76.000000 0.056944 -0.031096 0.000422 0.001139 0.213062 -0.099914 0.971916
77.000000 0.060202 -0.032132 -0.001677 0.001509 0.217163 -0.101718 0.970820
78.000000 0.062442 -0.032783 -0.002792 0.001673 0.221319 -0.103880 0.969652
79.000000 0.066715 -0.033840 -0.006341 0.001891 0.229016 -0.108024 0.967408
80.000000 0.067905 -0.034406 -0.007502 0.001497 0.232927 -0.110017 0.966250
81.000000 0.070913 -0.037907 -0.008703 0.000992 0.236600 -0.111808 0.965152
82.000000 0.070817 -0.038446 -0.009149 0.000980 0.240615 -0.114122 0.963888
83.000000 0.070573 -0.041190 -0.009161 0.000561 0.244537 -0.115703 0.962712
84.000000 0.071390 -0.042608 -0.010154 0.000653 0.248121 -0.117618 0.961562
85.000000 0.070690 -0.043665 -0.009710 0.000478 0.252228 -0.119808 0.960222
86.000000 0.071800 -0.043886 -0.010826 0.000555 0.255615 -0.121896 0.959063
87.000000 0.073575 -0.042928 -0.012125 0.000522 0.258740 -0.124074 0.957945
88.000000 0.073312 -0.043743 -0.012851 -0.000268 0.262468 -0.125840 0.956700
89.000000 0.072922 -0.045842 -0.013065 -0.001119 0.266242 -0.127616 0.955420
90.000000 0.073289 -0.046773 -0.013511 -0.001388 0.269675 -0.129622 0.954186
91.000000 0.074242 -0.045889 -0.014277 -0.001454 0.272789 -0.131433 0.953053
92.000000 0.073877 -0.047318 -0.014815 -0.002327 0.276120 -0.132594 0.951930
93.000000 0.073933 -0.048136 -0.014937 -0.002861 0.279273 -0.133845 0.950833
94.000000 0.075162 -0.047979 -0.015860 -0.002976 0.281949 -0.135077 0.949869
95.000000 0.075980 -0.048247 -0.017104 -0.003346 0.284813 -0.136147 0.948860
96.000000 0.076587 -0.048588 -0.018092 -0.003815 0.287564 -0.137381 0.947850
97.000000 0.075327 -0.050252 -0.017615 -0.004582 0.290425 -0.138420 0.946822
98.000000 0.076099 -0.050491 -0.018603 -0.004584 0.292537 -0.139383 0.946030
99.000000 0.076311 -0.051844 -0.019112 -0.004773 0.294517 -0.140359 0.945270
100.000000 0.078049 -0.050008 -0.019965 -0.004491 0.296245 -0.141475 0.944565
101.000000 0.078415 -0.049533 -0.020544 -0.005121 0.298288 -0.142531 0.943760
102.000000 0.079381 -0.049593 -0.021467 -0.006161 0.300146 -0.143577 0.943006
103.000000 0.079306 -0.049206 -0.021976 -0.006710 0.302229 -0.144366 0.942216
104.000000 0.080592 -0.048319 -0.023179 -0.007407 0.304135 -0.145334 0.941449
105.000000 0.080208 -0.048475 -0.023584 -0.008731 0.306440 -0.145861 0.940608
106.000000 0.079357 -0.049498 -0.023556 -0.010074 0.308919 -0.145944 0.939770
107.000000 0.078763 -0.049403 -0.025021 -0.012492 0.312284 -0.145400 0.938712
108.000000 0.079219 -0.049394 -0.025561 -0.013916 0.313374 -0.145123 0.938372
109.000000 0.078671 -0.049144 -0.026328 -0.015482 0.314304 -0.145248 0.938017
110.000000 0.078775 -0.047859 -0.027630 -0.016991 0.314916 -0.145395 0.937763
111.000000 0.078932 -0.046102 -0.029386 -0.020143 0.316111 -0.145563 0.937272
112.000000 0.079612 -0.044803 -0.030694 -0.021668 0.316352 -0.145577 0.937155
113.000000 0.079472 -0.044053 -0.031497 -0.023739 0.317004 -0.145177 0.936947
114.000000 0.078993 -0.042814 -0.032632 -0.025919 0.317787 -0.144376 0.936747
115.000000 0.079155 -0.042197 -0.034108 -0.027926 0.317909 -0.143439 0.936792
116.000000 0.079117 -0.040527 -0.035628 -0.029376 0.317902 -0.142049 0.936962
117.000000 0.078393 -0.041074 -0.036114 -0.031548 0.318418 -0.140216 0.936992
118.000000 0.077041 -0.039663 -0.035976 -0.033238 0.319160 -0.138605 0.936921
119.000000 0.076456 -0.039789 -0.037271 -0.035064 0.319253 -0.137342 0.937009
120.000000 0.075035 -0.039340 -0.036766 -0.036132 0.319291 -0.136134 0.937132
121.000000 0.074668 -0.036116 -0.038582 -0.038887 0.317212 -0.134434 0.937972
122.000000 0.074723 -0.034690 -0.039506 -0.041028 0.315101 -0.133613 0.938709
123.000000 0.075232 -0.034403 -0.040960 -0.042977 0.312722 -0.132621 0.939558
124.000000 0.074183 -0.032707 -0.040965 -0.044556 0.310800 -0.131627 0.940262
125.000000 0.075334 -0.031653 -0.042542 -0.046260 0.308371 -0.130552 0.941129
126.000000 0.074623 -0.031587 -0.042800 -0.048144 0.306557 -0.129128 0.941823
127.000000 0.074138 -0.031017 -0.043125 -0.049688 0.304971 -0.127538 0.942474
128.000000 0.075697 -0.028910 -0.044675 -0.051169 0.303032 -0.126126 0.943210
129.000000 0.075339 -0.029492 -0.044546 -0.053034 0.301365 -0.124388 0.943872
130.000000 0.073174 -0.031026 -0.043949 -0.054036 0.299527 -0.122769 0.944612
131.000000 0.073097 -0.030745 -0.043945 -0.053967 0.296821 -0.121339 0.945654
132.000000 0.073858 -0.029825 -0.043655 -0.053969 0.293934 -0.120307 0.946687
133.000000 0.073592 -0.028504 -0.043530 -0.054711 0.291084 -0.119500 0.947627
134.000000 0.073787 -0.029025 -0.043132 -0.055710 0.287748 -0.118755 0.948680
135.000000 0.074599 -0.028152 -0.043402 -0.056258 0.283865 -0.118020 0.949909
136.000000 0.076234 -0.025947 -0.044029 -0.057071 0.279827 -0.117260 0.951152
137.000000 0.077665 -0.026004 -0.044159 -0.058531 0.272118 -0.114923 0.953582
138.000000 0.077358 -0.026591 -0.043725 -0.059258 0.268769 -0.113982 0.954599
139.000000 0.079764 -0.025058 -0.044331 -0.059863 0.264708 -0.112930 0.955821
140.000000 0.080298 -0.023895 -0.044437 -0.060068 0.260641 -0.111826 0.957054
141.000000 0.082982 -0.021070 -0.044989 -0.060100 0.256245 -0.111055 0.958328
142.000000 0.083924 -0.020838 -0.045281 -0.060925 0.252184 -0.109864 0.959490
143.000000 0.083790 -0.019553 -0.044874 -0.060744 0.248348 -0.109086 0.960590
144.000000 0.085176 -0.016116 -0.044861 -0.060455 0.244245 -0.108434 0.961734
145.000000 0.085041 -0.015847 -0.044709 -0.061007 0.240584 -0.107549 0.962720
146.000000 0.084850 -0.014672 -0.043726 -0.061177 0.237237 -0.106478 0.963659
147.000000 0.085913 -0.013614 -0.044322 -0.061148 0.233454 -0.105403 0.964702
148.000000 0.084867 -0.014119 -0.043403 -0.061638 0.230280 -0.104197 0.965565
149.000000 0.083076 -0.015441 -0.042172 -0.061942 0.227183 -0.102997 0.966407
150.000000 0.081585 -0.015108 -0.041028 -0.061575 0.224030 -0.101994 0.967273
151.000000 0.080526 -0.016462 -0.039919 -0.061738 0.220586 -0.100742 0.968185
152.000000 0.078934 -0.014332 -0.038422 -0.061109 0.217054 -0.099570 0.969143
153.000000 0.078798 -0.012488 -0.038181 -0.060774 0.212862 -0.098227 0.970231
154.000000 0.076766 -0.013357 -0.036851 -0.061198 0.209152 -0.096738 0.971160
155.000000 0.075159 -0.012402 -0.035480 -0.060827 0.205548 -0.095219 0.972103
156.000000 0.074207 -0.010004 -0.034900 -0.060292 0.201531 -0.093622 0.973131
157.000000 0.074149 -0.009159 -0.034740 -0.060291 0.197172 -0.091763 0.974201
158.000000 0.072517 -0.008758 -0.034196 -0.060156 0.193372 -0.089998 0.975135
159.000000 0.071598 -0.007570 -0.033857 -0.059497 0.189342 -0.088491 0.976104
160.000000 0.070273 -0.005587 -0.033609 -0.058844 0.185531 -0.086964 0.977012
161.000000 0.068041 -0.005849 -0.032941 -0.058752 0.182219 -0.085139 0.977801
162.000000 0.066302 -0.006860 -0.032145 -0.058365 0.178435 -0.083584 0.978656
163.000000 0.066496 -0.006769 -0.031782 -0.057646 0.173751 -0.082304 0.979650
164.000000 0.065634 -0.003527 -0.031308 -0.056886 0.168903 -0.081110 0.980641
165.000000 0.062645 -0.004909 -0.030111 -0.057050 0.164184 -0.079294 0.981581
166.000000 0.062429 -0.005621 -0.029315 -0.056494 0.159190 -0.077379 0.982588
167.000000 0.062265 -0.002814 -0.028736 -0.056139 0.154699 -0.075856 0.983444
168.000000 0.061874 -0.004240 -0.028155 -0.056607 0.150250 -0.073431 0.984291
169.000000 0.063049 -0.005236 -0.027884 -0.056265 0.145750 -0.071474 0.985131
170.000000 0.064536 -0.002297 -0.028051 -0.055445 0.140881 -0.069696 0.986013
171.000000 0.065566 -0.001322 -0.028164 -0.055303 0.135967 -0.067677 0.986851
172.000000 0.068414 -0.001873 -0.029084 -0.055320 0.130451 -0.065639 0.987732
173.000000 0.071248 -0.003664 -0.028743 -0.055317 0.125129 -0.063495 0.988560
174.000000 0.072808 -0.002511 -0.029339 -0.054522 0.119864 -0.061124 0.989406
175.000000 0.078166 -0.000753 -0.030532 -0.053700 0.114060 -0.059314 0.990247
176.000000 0.076968 0.001495 -0.030429 -0.053048 0.109353 -0.056937 0.990952
177.000000 0.079849 0.001824 -0.030806 -0.052662 0.104411 -0.054471 0.991644
178.000000 0.080824 0.000494 -0.031003 -0.052324 0.098740 -0.051744 0.992389
179.000000 0.084775 0.002576 -0.031520 -0.051413 0.093458 -0.049476 0.993063
180.000000 0.085225 0.002774 -0.031692 -0.050996 0.088023 -0.048128 0.993647
181.000000 0.089489 0.005699 -0.032409 -0.050247 0.082681 -0.046649 0.994215
182.000000 0.087877 0.006832 -0.031753 -0.050040 0.078351 -0.045407 0.994633
183.000000 0.089484 0.005450 -0.031979 -0.050088 0.073416 -0.043750 0.995082
184.000000 0.088038 0.005720 -0.032116 -0.050223 0.068913 -0.042431 0.995454
185.000000 0.091957 0.005135 -0.032298 -0.050264 0.063294 -0.040588 0.995902
186.000000 0.093040 0.003118 -0.032690 -0.050554 0.058190 -0.038510 0.996281
187.000000 0.093117 0.001848 -0.032105 -0.050880 0.053792 -0.036591 0.996584
188.000000 0.094271 0.002520 -0.031755 -0.050803 0.048804 -0.034129 0.996931
189.000000 0.094626 0.000413 -0.031290 -0.050963 0.043886 -0.031455 0.997240
190.000000 0.096311 0.002705 -0.031310 -0.050243 0.039445 -0.029016 0.997536
191.000000 0.096282 0.001860 -0.031200 -0.050381 0.035120 -0.026768 0.997753
192.000000 0.098473 0.002244 -0.030984 -0.050057 0.029978 -0.024398 0.997998
193.000000 0.100105 0.001312 -0.031618 -0.049591 0.024855 -0.022590 0.998205
194.000000 0.105171 0.003738 -0.031841 -0.048919 0.019281 -0.021102 0.998394
195.000000 0.105603 0.003772 -0.032125 -0.048917 0.014121 -0.019715 0.998508
196.000000 0.112947 0.004624 -0.031922 -0.048312 0.008633 -0.017632 0.998639
197.000000 0.114880 0.004621 -0.031965 -0.047849 0.003666 -0.015822 0.998723
198.000000 0.122503 0.007509 -0.031999 -0.046769 -0.001863 -0.013646 0.998811
199.000000 0.124292 0.009558 -0.031900 -0.046073 -0.006518 -0.011494 0.998851
200.000000 0.129132 0.010290 -0.031607 -0.045742 -0.011370 -0.009518 0.998843
201.000000 0.131384 0.010812 -0.031141 -0.045213 -0.016133 -0.007875 0.998816
202.000000 0.130814 0.012793 -0.030692 -0.044337 -0.020608 -0.006650 0.998782
203.000000 0.133102 0.014565 -0.030066 -0.043811 -0.025337 -0.006125 0.998700
204.000000 0.133982 0.012270 -0.029316 -0.044289 -0.030184 -0.005299 0.998549
205.000000 0.133432 0.010039 -0.027466 -0.044416 -0.034595 -0.004032 0.998406
206.000000 0.134512 0.011283 -0.026513 -0.043749 -0.039070 -0.002545 0.998275
207.000000 0.137985 0.009370 -0.024152 -0.043949 -0.044212 -0.000418 0.998055
208.000000 0.138576 0.011671 -0.023153 -0.042849 -0.048924 0.001500 0.997882
209.000000 0.138696 0.014657 -0.022290 -0.042120 -0.053430 0.003569 0.997677
210.000000 0.139832 0.014518 -0.020996 -0.042520 -0.058395 0.006092 0.997369
211.000000 0.142562 0.011845 -0.018650 -0.042878 -0.063927 0.008431 0.996997
212.000000 0.141414 0.013547 -0.017194 -0.042145 -0.068446 0.010556 0.996708
213.000000 0.144385 0.013721 -0.014864 -0.041660 -0.074054 0.012547 0.996305
214.000000 0.145603 0.012301 -0.012997 -0.040919 -0.079505 0.015167 0.995879
215.000000 0.152731 0.016563 -0.009726 -0.039572 -0.086175 0.017428 0.995341
216.000000 0.153956 0.017935 -0.007501 -0.039399 -0.091702 0.019301 0.994820
217.000000 0.159508 0.017586 -0.004394 -0.039483 -0.098316 0.021235 0.994145
218.000000 0.163699 0.016202 0.000069 -0.039805 -0.104845 0.023530 0.993413
219.000000 0.166804 0.013618 0.004291 -0.040191 -0.110988 0.025625 0.992678
220.000000 0.169680 0.013667 0.007537 -0.039866 -0.117036 0.028056 0.991931
221.000000 0.170294 0.015984 0.010129 -0.039376 -0.122382 0.030616 0.991229
222.000000 0.170397 0.014238 0.012763 -0.039813 -0.127187 0.033178 0.990524
223.000000 0.167851 0.013822 0.014454 -0.039490 -0.131326 0.035576 0.989913
224.000000 0.126915 0.009573 -0.000892 -0.039128 -0.126706 0.039520 0.990380
225.000000 0.122477 0.012924 -0.000848 -0.038009 -0.130588 0.041440 0.989841
226.000000 0.120272 0.011686 0.000272 -0.037954 -0.134803 0.043425 0.989193
227.000000 0.118469 0.011800 0.001159 -0.037392 -0.139095 0.045427 0.988530
228.000000 0.114476 0.011150 0.001723 -0.037194 -0.143052 0.047378 0.987881
229.000000 0.110734 0.011740 0.002451 -0.036472 -0.146947 0.049535 0.987230
230.000000 0.106737 0.011446 0.002608 -0.036067 -0.150815 0.051454 0.986563
231.000000 0.104061 0.010174 0.003548 -0.036131 -0.154843 0.053451 0.985830
232.000000 0.102476 0.011317 0.003362 -0.035587 -0.158909 0.055696 0.985078
233.000000 0.100135 0.009528 0.003971 -0.035847 -0.162660 0.057619 0.984346
234.000000 0.097026 0.008258 0.004872 -0.035853 -0.166564 0.059852 0.983559
235.000000 0.096141 0.007737 0.005441 -0.035764 -0.170783 0.062488 0.982675
236.000000 0.094985 0.005035 0.006269 -0.036054 -0.174728 0.064963 0.981810
237.000000 0.091855 0.000098 0.006673 -0.036511 -0.178209 0.067383 0.981004
238.000000 0.090481 0.001488 0.007106 -0.035665 -0.182274 0.069498 0.980140
239.000000 0.088496 -0.005347 0.009667 -0.036338 -0.190962 0.074009 0.978129
240.000000 0.086384 -0.004036 0.009930 -0.035140 -0.195273 0.075763 0.977187
241.000000 0.085560 -0.006000 0.011429 -0.035035 -0.199904 0.077940 0.976082
242.000000 0.084391 -0.008935 0.012175 -0.034981 -0.204267 0.079954 0.975017
243.000000 0.083154 -0.008305 0.013512 -0.034268 -0.208700 0.082201 0.973916
244.000000 0.081430 -0.008606 0.014210 -0.033594 -0.213010 0.084008 0.972852
245.000000 0.079824 -0.008625 0.015350 -0.032816 -0.217407 0.086056 0.971726
246.000000 0.076951 -0.008786 0.015489 -0.032428 -0.221217 0.087903 0.970713
247.000000 0.073951 -0.011961 0.015947 -0.032403 -0.224817 0.089664 0.969726
248.000000 0.070140 -0.013591 0.014915 -0.031344 -0.227905 0.091400 0.968877
249.000000 0.067339 -0.013067 0.015038 -0.030192 -0.231246 0.093070 0.967963
250.000000 0.064433 -0.014185 0.014680 -0.029516 -0.234325 0.094889 0.967066
251.000000 0.061325 -0.016033 0.014127 -0.028398 -0.237115 0.096672 0.966243
252.000000 0.059522 -0.013692 0.014289 -0.026719 -0.240380 0.098548 0.965294
253.000000 0.057252 -0.015628 0.014860 -0.026062 -0.243425 0.100189 0.964379
254.000000 0.054813 -0.015513 0.014650 -0.024899 -0.246400 0.101775 0.963488
255.000000 0.052402 -0.015663 0.015071 -0.024041 -0.249430 0.103536 0.962542
256.000000 0.048322 -0.017494 0.015597 -0.023126 -0.254831 0.107249 0.960742
257.000000 0.045680 -0.017707 0.014927 -0.022120 -0.257254 0.109047 0.959916
258.000000 0.043755 -0.018370 0.014944 -0.021474 -0.260087 0.110411 0.959011
259.000000 0.042406 -0.019420 0.015200 -0.020906 -0.263266 0.111815 0.957993
260.000000 0.040495 -0.019364 0.015285 -0.020024 -0.266527 0.112931 0.956979
261.000000 0.038532 -0.019772 0.015534 -0.019245 -0.270150 0.114063 0.955844
262.000000 0.036717 -0.019710 0.015624 -0.018173 -0.273748 0.115178 0.954707
263.000000 0.035432 -0.020108 0.016256 -0.017553 -0.277497 0.116368 0.953491
264.000000 0.032405 -0.021145 0.014958 -0.016851 -0.280668 0.117651 0.952418
265.000000 0.030072 -0.022524 0.014249 -0.016084 -0.283852 0.118990 0.951320
266.000000 0.027946 -0.022836 0.014110 -0.015365 -0.287270 0.120819 0.950075
267.000000 0.025769 -0.024359 0.013197 -0.015090 -0.290627 0.122705 0.948816
268.000000 0.023532 -0.025328 0.012497 -0.014394 -0.293833 0.124671 0.947582
269.000000 0.020750 -0.026682 0.010981 -0.013529 -0.296831 0.126633 0.946400
270.000000 0.018574 -0.028110 0.010273 -0.012830 -0.299998 0.128532 0.945154
271.000000 0.016482 -0.028811 0.009117 -0.011989 -0.302911 0.130648 0.943945
272.000000 0.014380 -0.030560 0.007821 -0.011406 -0.305574 0.132853 0.942785
273.000000 0.012570 -0.031676 0.007123 -0.010926 -0.308431 0.134830 0.941579
274.000000 0.010861 -0.033198 0.006446 -0.010179 -0.311267 0.136752 0.940377
275.000000 0.008411 -0.034186 0.006314 -0.009364 -0.313804 0.138927 0.939222
276.000000 0.001388 -0.039302 0.004100 -0.005956 -0.325197 0.145415 0.934380
277.000000 0.000015 -0.041133 0.003545 -0.005170 -0.327746 0.146758 0.933283
278.000000 -0.001190 -0.043626 0.003541 -0.004692 -0.330333 0.148037 0.932171
279.000000 -0.002065 -0.043412 0.004099 -0.003733 -0.333307 0.149555 0.930874
280.000000 -0.003100 -0.045060 0.004102 -0.002751 -0.336005 0.151193 0.929642
281.000000 -0.004261 -0.046199 0.003670 -0.002006 -0.338530 0.152838 0.928458
282.000000 -0.005145 -0.048154 0.003770 -0.001668 -0.341063 0.154328 0.927284
283.000000 -0.005939 -0.050892 0.003592 -0.001086 -0.343318 0.156240 0.926132
284.000000 -0.006828 -0.052871 0.002920 -0.000385 -0.345221 0.157718 0.925174
285.000000 -0.007500 -0.055171 0.002763 0.000236 -0.347042 0.158828 0.924303
286.000000 -0.008071 -0.056616 0.002744 0.000902 -0.348859 0.160054 0.923406
287.000000 -0.009051 -0.059165 0.001906 0.001491 -0.350527 0.160849 0.922635
288.000000 -0.009387 -0.062566 0.001729 0.002314 -0.352287 0.161935 0.921773
289.000000 -0.009827 -0.060340 0.001901 0.004052 -0.354015 0.162915 0.920932
290.000000 -0.009884 -0.062425 0.001890 0.004932 -0.355561 0.163582 0.920213
291.000000 -0.010974 -0.064662 0.001056 0.006118 -0.356561 0.164033 0.919739
292.000000 -0.011046 -0.066161 0.001360 0.007190 -0.357989 0.164225 0.919142
293.000000 -0.011260 -0.067597 0.001434 0.008312 -0.359158 0.164631 0.918604
294.000000 -0.010903 -0.072068 0.001779 0.010055 -0.361551 0.165889 0.917420
295.000000 -0.011047 -0.073811 0.001813 0.011656 -0.362603 0.166840 0.916814
296.000000 -0.011489 -0.073785 0.002109 0.013359 -0.363708 0.168133 0.916117
297.000000 -0.012399 -0.076841 0.000852 0.015377 -0.365888 0.170602 0.914759
298.000000 -0.013099 -0.079730 -0.000405 0.015674 -0.366949 0.172267 0.914017
299.000000 -0.013266 -0.081257 -0.000318 0.016139 -0.368205 0.174196 0.913138
